0.474443 + 0.625988 + 0.315876 + 0.33972 + 0.12889 + 1.03712 + 0.474443 + 0.228918 + 0.12889 + 0.228918

= 0.3983206

2.29774 + 2.27514 + 2.25224 + 2.36648 + 2.25134 + 2.31645 + 2.33157 + 2.26264 + 2.30075 + 2.23107

= 2.288542


248
2.0524
0.973787
249
2.1196
1.09827
211
2.0568
0.350736
248
2.6176
0.862658
203
2.6172
0.555433
248
2.288
0.29414
248
2.7952
0.415279
248
2.3884
0.29414
248
2.1188
0.408543
403
2.6012
0.627792


0.474443
0.625988
0.315876
0.33972
0.12889
1.03712
0.474443
0.228918
0.12889
0.228918

2.29774
2.27514
2.25224
2.36648
2.25134
2.31645
2.33157
2.26264
2.30075
2.23107
