5
50
0.9
20
20
5000
13
11
4
6
0.9 0.1 0.0 0.0 0.0 0.0 0.0 0.0 0.0 0.0 0.0
0.1 0.8 0.1 0.0 0.0 0.0 0.0 0.0 0.0 0.0 0.0
0.0 0.1 0.8 0.1 0.0 0.0 0.0 0.0 0.0 0.0 0.0
0.111111 0.111111 0.111111 0.0 0.111111 0.111111 0.0 0.111112 0.111111 0.111111 0.111111
0.8 0.0 0.0 0.0 0.2 0.0 0.0 0.0 0.0 0.0 0.0
0.0 0.0 0.8 0.0 0.0 0.1 0.1 0.0 0.0 0.0 0.0
0.111111 0.111111 0.111111 0.0 0.111111 0.111111 0.0 0.111112 0.111111 0.111111 0.111111
0.0 0.0 0.0 0.0 0.8 0.0 0.0 0.1 0.1 0.0 0.0
0.0 0.0 0.0 0.0 0.0 0.0 0.0 0.1 0.8 0.1 0.0
0.0 0.0 0.0 0.0 0.0 0.8 0.0 0.0 0.1 0.0 0.1
0.0 0.0 0.0 0.0 0.0 0.0 0.8 0.0 0.0 0.1 0.1
0.1 0.1 0.0 0.0 0.8 0.0 0.0 0.0 0.0 0.0 0.0
0.1 0.8 0.1 0.0 0.0 0.0 0.0 0.0 0.0 0.0 0.0
0.0 0.1 0.0 0.1 0.0 0.8 0.0 0.0 0.0 0.0 0.0
0.111111 0.111111 0.111111 0.0 0.111111 0.111111 0.0 0.111112 0.111111 0.111111 0.111111
0.0 0.0 0.0 0.0 0.2 0.0 0.0 0.8 0.0 0.0 0.0
0.0 0.0 0.0 0.0 0.0 0.1 0.1 0.0 0.0 0.8 0.0
0.111111 0.111111 0.111111 0.0 0.111111 0.111111 0.0 0.111112 0.111111 0.111111 0.111111
0.0 0.0 0.0 0.0 0.0 0.0 0.0 0.9 0.1 0.0 0.0
0.0 0.0 0.0 0.0 0.0 0.0 0.0 0.1 0.8 0.1 0.0
0.0 0.0 0.0 0.0 0.0 0.0 0.0 0.0 0.1 0.8 0.1
0.0 0.0 0.0 0.0 0.0 0.0 0.0 0.0 0.0 0.1 0.9
0.1 0.8 0.0 0.0 0.1 0.0 0.0 0.0 0.0 0.0 0.0
0.0 0.2 0.8 0.0 0.0 0.0 0.0 0.0 0.0 0.0 0.0
0.0 0.0 0.1 0.8 0.0 0.1 0.0 0.0 0.0 0.0 0.0
0.111111 0.111111 0.111111 0.0 0.111111 0.111111 0.0 0.111112 0.111111 0.111111 0.111111
0.1 0.0 0.0 0.0 0.8 0.0 0.0 0.1 0.0 0.0 0.0
0.0 0.0 0.1 0.0 0.0 0.0 0.8 0.0 0.0 0.1 0.0
0.111111 0.111111 0.111111 0.0 0.111111 0.111111 0.0 0.111112 0.111111 0.111111 0.111111
0.0 0.0 0.0 0.0 0.1 0.0 0.0 0.1 0.8 0.0 0.0
0.0 0.0 0.0 0.0 0.0 0.0 0.0 0.0 0.2 0.8 0.0
0.0 0.0 0.0 0.0 0.0 0.1 0.0 0.0 0.1 0.0 0.8
0.0 0.0 0.0 0.0 0.0 0.0 0.1 0.0 0.0 0.0 0.9
0.9 0.0 0.0 0.0 0.1 0.0 0.0 0.0 0.0 0.0 0.0
0.8 0.2 0.0 0.0 0.0 0.0 0.0 0.0 0.0 0.0 0.0
0.0 0.8 0.1 0.0 0.0 0.1 0.0 0.0 0.0 0.0 0.0
0.111111 0.111111 0.111111 0.0 0.111111 0.111111 0.0 0.111112 0.111111 0.111111 0.111111
0.1 0.0 0.0 0.0 0.8 0.0 0.0 0.1 0.0 0.0 0.0
0.0 0.0 0.1 0.0 0.0 0.8 0.0 0.0 0.0 0.1 0.0
0.111111 0.111111 0.111111 0.0 0.111111 0.111111 0.0 0.111112 0.111111 0.111111 0.111111
0.0 0.0 0.0 0.0 0.1 0.0 0.0 0.9 0.0 0.0 0.0
0.0 0.0 0.0 0.0 0.0 0.0 0.0 0.8 0.2 0.0 0.0
0.0 0.0 0.0 0.0 0.0 0.1 0.0 0.0 0.8 0.1 0.0
0.0 0.0 0.0 0.0 0.0 0.0 0.1 0.0 0.0 0.8 0.1
1.0 0.0 0.0 0.0 0.0 0.0
0.0 0.0 1.0 0.0 0.0 0.0
0.0 0.0 1.0 0.0 0.0 0.0
0.0 0.0 0.0 0.0 1.0 0.0
0.0 0.0 0.0 1.0 0.0 0.0
1.0 0.0 0.0 0.0 0.0 0.0
0.0 0.0 0.0 0.0 0.0 1.0
1.0 0.0 0.0 0.0 0.0 0.0
0.0 0.0 1.0 0.0 0.0 0.0
0.0 0.0 1.0 0.0 0.0 0.0
0.0 1.0 0.0 0.0 0.0 0.0
1.0 0.0 0.0 0.0 0.0 0.0
0.0 0.0 1.0 0.0 0.0 0.0
0.0 0.0 1.0 0.0 0.0 0.0
0.0 0.0 0.0 0.0 1.0 0.0
0.0 0.0 0.0 1.0 0.0 0.0
1.0 0.0 0.0 0.0 0.0 0.0
0.0 0.0 0.0 0.0 0.0 1.0
1.0 0.0 0.0 0.0 0.0 0.0
0.0 0.0 1.0 0.0 0.0 0.0
0.0 0.0 1.0 0.0 0.0 0.0
0.0 1.0 0.0 0.0 0.0 0.0
1.0 0.0 0.0 0.0 0.0 0.0
0.0 0.0 1.0 0.0 0.0 0.0
0.0 0.0 1.0 0.0 0.0 0.0
0.0 0.0 0.0 0.0 1.0 0.0
0.0 0.0 0.0 1.0 0.0 0.0
1.0 0.0 0.0 0.0 0.0 0.0
0.0 0.0 0.0 0.0 0.0 1.0
1.0 0.0 0.0 0.0 0.0 0.0
0.0 0.0 1.0 0.0 0.0 0.0
0.0 0.0 1.0 0.0 0.0 0.0
0.0 1.0 0.0 0.0 0.0 0.0
1.0 0.0 0.0 0.0 0.0 0.0
0.0 0.0 1.0 0.0 0.0 0.0
0.0 0.0 1.0 0.0 0.0 0.0
0.0 0.0 0.0 0.0 1.0 0.0
0.0 0.0 0.0 1.0 0.0 0.0
1.0 0.0 0.0 0.0 0.0 0.0
0.0 0.0 0.0 0.0 0.0 1.0
1.0 0.0 0.0 0.0 0.0 0.0
0.0 0.0 1.0 0.0 0.0 0.0
0.0 0.0 1.0 0.0 0.0 0.0
0.0 1.0 0.0 0.0 0.0 0.0
-0.04
-0.04
-0.04
1.0
-0.04
-0.04
-1.0
-0.04
-0.04
-0.04
-0.04
0.111111 0.111111 0.111111 0.0 0.111111 0.111111 0.0 0.111112 0.111111 0.111111  0.111111
0
1
8
300
